"acrF"	"asnB"	"glmS"	"queA"	"yadG"	"ynjI"
"acrF"	1	0	-0.0141004422171915	-0.0191726343896244	-0.0218470418593033	0
"asnB"	0	1	-0.229318108652618	-0.233091985922914	-0.234604721795765	0.332913642442173
"glmS"	-0.0141004422171915	-0.229318108652618	1	0.21798399999553	0.220365965840112	-0.235602984489915
"queA"	-0.0191726343896244	-0.233091985922914	0.21798399999553	1	0.2257706215381	-0.239285183023943
"yadG"	-0.0218470418593033	-0.234604721795765	0.220365965840112	0.2257706215381	1	-0.240600056017065
"ynjI"	0	0.332913642442173	-0.235602984489915	-0.239285183023943	-0.240600056017065	1
