"add"	"bioA"	"gppA"	"lon"	"spy"	"yddH"
"add"	1	-0.169523582920965	0.262703107802244	-0.166923665066865	0.272234711569613	0.271006688244282
"bioA"	-0.169523582920965	1	-0.166914225934489	-0.5320330942204	-0.173502570554811	-0.172738879399835
"gppA"	0.262703107802244	-0.166914225934489	1	-0.164090731593191	0.268104142629545	0.267073434258827
"lon"	-0.166923665066865	-0.5320330942204	-0.164090731593191	1	-0.170632913734352	-0.169885604519031
"spy"	0.272234711569613	-0.173502570554811	0.268104142629545	-0.170632913734352	1	0.276517444594097
"yddH"	0.271006688244282	-0.172738879399835	0.267073434258827	-0.169885604519031	0.276517444594097	1
