"acpD"	"mokC"	"ompC"	"rne"	"rpoD"	"yehM"
"acpD"	1	0.234019421088799	-0.243574104538178	-0.0192464290540334	-0.231192537361624	0.214840548222619
"mokC"	0.234019421088799	1	-0.248944110112073	-0.0237518888926786	-0.23691156064444	0.222171296083821
"ompC"	-0.243574104538178	-0.248944110112073	1	0	0.327926444803878	-0.234055177639563
"rne"	-0.0192464290540334	-0.0237518888926786	0	1	0	-0.011672435990332
"rpoD"	-0.231192537361624	-0.23691156064444	0.327926444803878	0	1	-0.221506393589356
"yehM"	0.214840548222619	0.222171296083821	-0.234055177639563	-0.011672435990332	-0.221506393589356	1
