"cusC"	"hpaE"	"lpp"	"mdoH"	"ybjP"	"yfaS"
"cusC"	1	-0.186143520712336	-0.28842550493559	-0.181695466438959	0.416420924878972	-0.17709541712281
"hpaE"	-0.186143520712336	1	-0.220151926835455	0.303680618551654	-0.19097574975703	0.2957472819285
"lpp"	-0.28842550493559	-0.220151926835455	1	-0.213892776862703	-0.299892524643123	-0.205298510442284
"mdoH"	-0.181695466438959	0.303680618551654	-0.213892776862703	1	-0.186487139069177	0.288960393124856
"ybjP"	0.416420924878972	-0.19097574975703	-0.299892524643123	-0.186487139069177	1	-0.181788911282147
"yfaS"	-0.17709541712281	0.2957472819285	-0.205298510442284	0.288960393124856	-0.181788911282147	1
