"eda"	"malT"	"mepA"	"mgtA"	"ybdN"	"ygjG"
"eda"	1	-0.171681086575353	0.277358959180587	0.264284538983253	0.27530090262542	-0.174570931677748
"malT"	-0.171681086575353	1	-0.170646563692711	-0.161242945190492	-0.16903214309417	-0.530178797581315
"mepA"	0.277358959180587	-0.170646563692711	1	0.262816341176639	0.273815383865488	-0.173639878873146
"mgtA"	0.264284538983253	-0.161242945190492	0.262816341176639	1	0.260660653752308	-0.164721304437964
"ybdN"	0.27530090262542	-0.16903214309417	0.273815383865488	0.260660653752308	1	-0.172194173878348
"ygjG"	-0.174570931677748	-0.530178797581315	-0.173639878873146	-0.164721304437964	-0.172194173878348	1
