"atoC"	"atoS"	"xylE"	"ybfP"	"ydbK"	"yqjA"
"atoC"	1	0.260600917915314	-0.168908226375525	0.27312780367041	-0.164756040677707	0.270217901516605
"atoS"	0.260600917915314	1	-0.16635870916292	0.269221694451599	-0.162041723103807	0.266352835250978
"xylE"	-0.168908226375525	-0.16635870916292	1	-0.174981500762253	-0.526822453777364	-0.172800580495793
"ybfP"	0.27312780367041	0.269221694451599	-0.174981500762253	1	-0.170784314669095	0.27883860179693
"ydbK"	-0.164756040677707	-0.162041723103807	-0.526822453777364	-0.170784314669095	1	-0.168700582716129
"yqjA"	0.270217901516605	0.266352835250978	-0.172800580495793	0.27883860179693	-0.168700582716129	1
