"cfa"	"ftsQ"	"pitA"	"rspA"	"sdaA"	"yebK"	"yeeJ"
"cfa"	1	0.274592768027955	-0.142180315259515	-0.143262436841697	0.270391012057861	-0.145261161971366	0.255308693264916
"ftsQ"	0.274592768027955	1	-0.144296506836861	-0.14531557220752	0.273577612243685	-0.147372338529371	0.258448069719927
"pitA"	-0.142180315259515	-0.144296506836861	1	-0.352673236236657	-0.141645862922662	-0.354108284535486	-0.131832967929157
"rspA"	-0.143262436841697	-0.14531557220752	-0.352673236236657	1	-0.142575250594689	-0.355189884100166	-0.132891933443679
"sdaA"	0.270391012057861	0.273577612243685	-0.141645862922662	-0.142575250594689	1	-0.14460543202515	0.254269451973829
"yebK"	-0.145261161971366	-0.147372338529371	-0.354108284535486	-0.355189884100166	-0.14460543202515	1	-0.134963846476569
"yeeJ"	0.255308693264916	0.258448069719927	-0.131832967929157	-0.132891933443679	0.254269451973829	-0.134963846476569	1
