"dedD"	"glpG"	"katG"	"lon"	"rpoB"	"yfhM"
"dedD"	1	-0.186436757471299	-0.531428336901355	-0.178924080194632	-0.174338362201106	-0.17240082479481
"glpG"	-0.186436757471299	1	-0.181688539578129	0.277362143710273	0.270686407590881	0.267922737198496
"katG"	-0.531428336901355	-0.181688539578129	1	-0.173336564507131	-0.168461757694185	-0.1664744600212
"lon"	-0.178924080194632	0.277362143710273	-0.173336564507131	1	0.259760266343978	0.257038625740632
"rpoB"	-0.174338362201106	0.270686407590881	-0.168461757694185	0.259760266343978	1	0.250411671901243
"yfhM"	-0.17240082479481	0.267922737198496	-0.1664744600212	0.257038625740632	0.250411671901243	1
